      0.0  0.999825E+00  0.123447E-03  11453
     50.0  0.963422E+00  0.175396E-02  11036
    100.0  0.959756E+00  0.183627E-02  10994
    150.0  0.945177E+00  0.212687E-02  10827
    200.0  0.937320E+00  0.226470E-02  10737
    250.0  0.928241E+00  0.241141E-02  10633
    300.0  0.909908E+00  0.267512E-02  10423
    350.0  0.899607E+00  0.280789E-02  10305
    400.0  0.886862E+00  0.295962E-02  10159
    450.0  0.877521E+00  0.306311E-02  10052
    500.0  0.867132E+00  0.317143E-02   9933
    550.0  0.852553E+00  0.331269E-02   9766
    600.0  0.840332E+00  0.342245E-02   9626
    650.0  0.831689E+00  0.349574E-02   9527
    700.0  0.820079E+00  0.358898E-02   9394
    750.0  0.811087E+00  0.365736E-02   9291
    800.0  0.799564E+00  0.374039E-02   9159
    850.0  0.787778E+00  0.382032E-02   9024
    900.0  0.777652E+00  0.388519E-02   8908
    950.0  0.768136E+00  0.394310E-02   8799
   1000.0  0.757573E+00  0.400410E-02   8678
   1050.0  0.746748E+00  0.406318E-02   8554
   1100.0  0.738891E+00  0.410396E-02   8464
   1150.0  0.727455E+00  0.416030E-02   8333
   1200.0  0.717852E+00  0.420492E-02   8223
   1250.0  0.709035E+00  0.424382E-02   8122
   1300.0  0.698996E+00  0.428574E-02   8007
   1350.0  0.690354E+00  0.431988E-02   7908
   1400.0  0.685290E+00  0.433905E-02   7850
   1450.0  0.677259E+00  0.436824E-02   7758
   1500.0  0.668005E+00  0.440005E-02   7652
   1550.0  0.659275E+00  0.442831E-02   7552
   1600.0  0.651593E+00  0.445178E-02   7464
   1650.0  0.646617E+00  0.446631E-02   7407
   1700.0  0.638237E+00  0.448958E-02   7311
   1750.0  0.629594E+00  0.451203E-02   7212
   1800.0  0.620864E+00  0.453313E-02   7112
   1850.0  0.610388E+00  0.455640E-02   6992
   1900.0  0.602794E+00  0.457188E-02   6905
   1950.0  0.593453E+00  0.458935E-02   6798
   2000.0  0.586905E+00  0.460057E-02   6723
   2050.0  0.582802E+00  0.460717E-02   6676
   2100.0  0.572938E+00  0.462170E-02   6563
   2150.0  0.565692E+00  0.463118E-02   6480
   2200.0  0.559319E+00  0.463868E-02   6407
   2250.0  0.553383E+00  0.464497E-02   6339
   2300.0  0.544653E+00  0.465301E-02   6239
   2350.0  0.537145E+00  0.465876E-02   6153
   2400.0  0.532257E+00  0.466194E-02   6097
   2450.0  0.524662E+00  0.466599E-02   6010
   2500.0  0.518202E+00  0.466858E-02   5936
   2550.0  0.510694E+00  0.467060E-02   5850
   2600.0  0.503361E+00  0.467157E-02   5766
   2650.0  0.498123E+00  0.467164E-02   5706
   2700.0  0.491052E+00  0.467093E-02   5625
   2750.0  0.488346E+00  0.467040E-02   5594
   2800.0  0.482322E+00  0.466875E-02   5525
   2850.0  0.474727E+00  0.466570E-02   5438
   2900.0  0.467831E+00  0.466199E-02   5359
   2950.0  0.461371E+00  0.465771E-02   5285
   3000.0  0.456569E+00  0.465402E-02   5230
   3050.0  0.451157E+00  0.464933E-02   5168
   3100.0  0.446792E+00  0.464515E-02   5118
   3150.0  0.440070E+00  0.463799E-02   5041
   3200.0  0.434134E+00  0.463096E-02   4973
   3250.0  0.428634E+00  0.462384E-02   4910
   3300.0  0.423134E+00  0.461614E-02   4847
   3350.0  0.418333E+00  0.460894E-02   4792
   3400.0  0.413182E+00  0.460071E-02   4733
   3450.0  0.410127E+00  0.459559E-02   4698
   3500.0  0.404190E+00  0.458510E-02   4630
   3550.0  0.398778E+00  0.457494E-02   4568
   3600.0  0.393715E+00  0.456491E-02   4510
   3650.0  0.390397E+00  0.455805E-02   4472
   3700.0  0.385509E+00  0.454755E-02   4416
   3750.0  0.379747E+00  0.453455E-02   4350
   3800.0  0.372938E+00  0.451831E-02   4272
   3850.0  0.368136E+00  0.450628E-02   4217
   3900.0  0.365255E+00  0.449884E-02   4184
   3950.0  0.360978E+00  0.448746E-02   4135
   4000.0  0.355303E+00  0.447177E-02   4070
   4050.0  0.350851E+00  0.445899E-02   4019
   4100.0  0.347097E+00  0.444787E-02   3976
   4150.0  0.343082E+00  0.443565E-02   3930
   4200.0  0.338891E+00  0.442251E-02   3882
   4250.0  0.334614E+00  0.440871E-02   3833
   4300.0  0.333392E+00  0.440469E-02   3819
   4350.0  0.327368E+00  0.438439E-02   3750
   4400.0  0.320995E+00  0.436202E-02   3677
   4450.0  0.317067E+00  0.434777E-02   3632
   4500.0  0.316019E+00  0.434391E-02   3620
   4550.0  0.311392E+00  0.432656E-02   3567
   4600.0  0.307202E+00  0.431040E-02   3519
   4650.0  0.305369E+00  0.430320E-02   3498
   4700.0  0.303885E+00  0.429732E-02   3481
   4750.0  0.299258E+00  0.427863E-02   3428
   4800.0  0.294631E+00  0.425941E-02   3375
   4850.0  0.291663E+00  0.424681E-02   3341
   4900.0  0.288433E+00  0.423285E-02   3304
   4950.0  0.282148E+00  0.420492E-02   3232
   5000.0  0.278568E+00  0.418857E-02   3191
   5050.0  0.275862E+00  0.417599E-02   3160
   5100.0  0.273243E+00  0.416363E-02   3130
   5150.0  0.270100E+00  0.414855E-02   3094
   5200.0  0.268180E+00  0.413921E-02   3072
   5250.0  0.265997E+00  0.412848E-02   3047
   5300.0  0.263728E+00  0.411718E-02   3021
   5350.0  0.259887E+00  0.409773E-02   2977
   5400.0  0.257268E+00  0.408424E-02   2947
   5450.0  0.253863E+00  0.406641E-02   2908
   5500.0  0.250720E+00  0.404967E-02   2872
   5550.0  0.246966E+00  0.402929E-02   2829
   5600.0  0.244609E+00  0.401629E-02   2802
   5650.0  0.241030E+00  0.399623E-02   2761
   5700.0  0.240070E+00  0.399078E-02   2750
   5750.0  0.236054E+00  0.396771E-02   2704
   5800.0  0.231427E+00  0.394051E-02   2651
   5850.0  0.227324E+00  0.391583E-02   2604
   5900.0  0.224793E+00  0.390034E-02   2575
   5950.0  0.221825E+00  0.388191E-02   2541
   6000.0  0.217460E+00  0.385430E-02   2491
   6050.0  0.217198E+00  0.385262E-02   2488
   6100.0  0.214579E+00  0.383572E-02   2458
   6150.0  0.211960E+00  0.381859E-02   2428
   6200.0  0.208817E+00  0.379773E-02   2392
   6250.0  0.207770E+00  0.379070E-02   2380
   6300.0  0.205500E+00  0.377533E-02   2354
   6350.0  0.203754E+00  0.376339E-02   2334
   6400.0  0.203230E+00  0.375978E-02   2328
   6450.0  0.200524E+00  0.374100E-02   2297
   6500.0  0.198429E+00  0.372628E-02   2273
   6550.0  0.195286E+00  0.370390E-02   2237
   6600.0  0.194413E+00  0.369761E-02   2227
   6650.0  0.192143E+00  0.368114E-02   2201
   6700.0  0.188739E+00  0.365606E-02   2162
   6750.0  0.186294E+00  0.363777E-02   2134
   6800.0  0.184810E+00  0.362656E-02   2117
   6850.0  0.181667E+00  0.360252E-02   2081
   6900.0  0.179921E+00  0.358898E-02   2061
   6950.0  0.179223E+00  0.358354E-02   2053
   7000.0  0.176342E+00  0.356085E-02   2020
   7050.0  0.175382E+00  0.355321E-02   2009
   7100.0  0.172152E+00  0.352723E-02   1972
   7150.0  0.171454E+00  0.352155E-02   1964
   7200.0  0.170493E+00  0.351371E-02   1953
   7250.0  0.168922E+00  0.350079E-02   1935
   7300.0  0.167874E+00  0.349212E-02   1923
   7350.0  0.164906E+00  0.346728E-02   1889
   7400.0  0.164120E+00  0.346063E-02   1880
   7450.0  0.162986E+00  0.345099E-02   1867
   7500.0  0.161065E+00  0.343453E-02   1845
   7550.0  0.159057E+00  0.341714E-02   1822
   7600.0  0.159581E+00  0.342169E-02   1828
   7650.0  0.156787E+00  0.339724E-02   1796
   7700.0  0.155216E+00  0.338332E-02   1778
   7750.0  0.152859E+00  0.336222E-02   1751
   7800.0  0.150851E+00  0.334402E-02   1728
   7850.0  0.150589E+00  0.334163E-02   1725
   7900.0  0.149542E+00  0.333204E-02   1713
   7950.0  0.147621E+00  0.331431E-02   1691
   8000.0  0.146486E+00  0.330374E-02   1678
   8050.0  0.144653E+00  0.328653E-02   1657
   8100.0  0.144653E+00  0.328653E-02   1657
   8150.0  0.142209E+00  0.326329E-02   1629
   8200.0  0.140288E+00  0.324481E-02   1607
   8250.0  0.138717E+00  0.322953E-02   1589
   8300.0  0.138368E+00  0.322612E-02   1585
   8350.0  0.138106E+00  0.322356E-02   1582
   8400.0  0.137320E+00  0.321584E-02   1573
   8450.0  0.135137E+00  0.319421E-02   1548
   8500.0  0.132780E+00  0.317055E-02   1521
   8550.0  0.129725E+00  0.313937E-02   1486
   8600.0  0.129463E+00  0.313667E-02   1483
   8650.0  0.128503E+00  0.312674E-02   1472
   8700.0  0.127455E+00  0.311584E-02   1460
   8750.0  0.125709E+00  0.309752E-02   1440
   8800.0  0.125884E+00  0.309936E-02   1442
   8850.0  0.123003E+00  0.306874E-02   1409
   8900.0  0.122305E+00  0.306123E-02   1401
   8950.0  0.121082E+00  0.304802E-02   1387
   9000.0  0.120210E+00  0.303852E-02   1377
   9050.0  0.117067E+00  0.300388E-02   1341
   9100.0  0.116892E+00  0.300194E-02   1339
   9150.0  0.116194E+00  0.299414E-02   1331
   9200.0  0.114972E+00  0.298041E-02   1317
   9250.0  0.113924E+00  0.296856E-02   1305
   9300.0  0.112702E+00  0.295463E-02   1291
   9350.0  0.110869E+00  0.293352E-02   1270
   9400.0  0.109559E+00  0.291830E-02   1255
   9450.0  0.108337E+00  0.290396E-02   1241
   9500.0  0.107551E+00  0.289469E-02   1232
   9550.0  0.106504E+00  0.288225E-02   1220
   9600.0  0.105893E+00  0.287495E-02   1213
   9650.0  0.104845E+00  0.286237E-02   1201
   9700.0  0.104059E+00  0.285287E-02   1192
   9750.0  0.101877E+00  0.282623E-02   1167
   9800.0  0.101702E+00  0.282409E-02   1165
   9850.0  0.993453E-01  0.279483E-02   1138
   9900.0  0.985596E-01  0.278497E-02   1129
   9950.0  0.967263E-01  0.276175E-02   1108
  10000.0  0.958533E-01  0.275059E-02   1098
  10050.0  0.940201E-01  0.272692E-02   1077
  10100.0  0.937582E-01  0.272351E-02   1074
  10150.0  0.922741E-01  0.270408E-02   1057
  10200.0  0.905282E-01  0.268095E-02   1037
  10250.0  0.900044E-01  0.267395E-02   1031
  10300.0  0.895679E-01  0.266810E-02   1026
  10350.0  0.887822E-01  0.265752E-02   1017
  10400.0  0.877346E-01  0.264331E-02   1005
  10450.0  0.867743E-01  0.263019E-02    994
  10500.0  0.855522E-01  0.261335E-02    980
  10550.0  0.851157E-01  0.260730E-02    975
  10600.0  0.851157E-01  0.260730E-02    975
  10650.0  0.839808E-01  0.259146E-02    962
  10700.0  0.840681E-01  0.259268E-02    963
  10750.0  0.831951E-01  0.258042E-02    953
  10800.0  0.830205E-01  0.257795E-02    951
  10850.0  0.811873E-01  0.255188E-02    930
  10900.0  0.809254E-01  0.254812E-02    927
  10950.0  0.797032E-01  0.253049E-02    913
  11000.0  0.783937E-01  0.251140E-02    898
  11050.0  0.771715E-01  0.249340E-02    884
  11100.0  0.769969E-01  0.249081E-02    882
  11150.0  0.758621E-01  0.247391E-02    869
  11200.0  0.749891E-01  0.246079E-02    859
  11250.0  0.747272E-01  0.245684E-02    856
  11300.0  0.740288E-01  0.244625E-02    848
  11350.0  0.724574E-01  0.242220E-02    830
  11400.0  0.721082E-01  0.241682E-02    826
  11450.0  0.719337E-01  0.241412E-02    824
  11500.0  0.712353E-01  0.240327E-02    816
  11550.0  0.707115E-01  0.239509E-02    810
  11600.0  0.699258E-01  0.238276E-02    801
  11650.0  0.697512E-01  0.238000E-02    799
  11700.0  0.673069E-01  0.234100E-02    771
  11750.0  0.679179E-01  0.235083E-02    778
  11800.0  0.666958E-01  0.233111E-02    764
  11850.0  0.659101E-01  0.231832E-02    755
  11900.0  0.652990E-01  0.230830E-02    748
  11950.0  0.639895E-01  0.228664E-02    733
  12000.0  0.637276E-01  0.228227E-02    730
  12050.0  0.645133E-01  0.229533E-02    739
  12100.0  0.632911E-01  0.227497E-02    725
  12150.0  0.618071E-01  0.224992E-02    708
  12200.0  0.607595E-01  0.223202E-02    696
  12250.0  0.592754E-01  0.220633E-02    679
  12300.0  0.593627E-01  0.220785E-02    680
  12350.0  0.582278E-01  0.218797E-02    667
  12400.0  0.566565E-01  0.216004E-02    649
  12450.0  0.565692E-01  0.215848E-02    648
  12500.0  0.555216E-01  0.213958E-02    636
  12550.0  0.557835E-01  0.214433E-02    639
  12600.0  0.542994E-01  0.211727E-02    622
  12650.0  0.539502E-01  0.211084E-02    618
  12700.0  0.540375E-01  0.211245E-02    619
  12750.0  0.527281E-01  0.208815E-02    604
  12800.0  0.526408E-01  0.208651E-02    603
  12850.0  0.522043E-01  0.207832E-02    598
  12900.0  0.515932E-01  0.206679E-02    591
  12950.0  0.504583E-01  0.204515E-02    578
  13000.0  0.494107E-01  0.202493E-02    566
  13050.0  0.489742E-01  0.201643E-02    561
  13100.0  0.494980E-01  0.202662E-02    567
  13150.0  0.494107E-01  0.202493E-02    566
  13200.0  0.481013E-01  0.199929E-02    551
  13250.0  0.473156E-01  0.198371E-02    542
  13300.0  0.472283E-01  0.198197E-02    541
  13350.0  0.469664E-01  0.197674E-02    538
  13400.0  0.468791E-01  0.197500E-02    537
  13450.0  0.461807E-01  0.196095E-02    529
  13500.0  0.461807E-01  0.196095E-02    529
  13550.0  0.461807E-01  0.196095E-02    529
  13600.0  0.455696E-01  0.194855E-02    522
  13650.0  0.451331E-01  0.193964E-02    517
  13700.0  0.444347E-01  0.192528E-02    509
  13750.0  0.444347E-01  0.192528E-02    509
  13800.0  0.435618E-01  0.190714E-02    499
  13850.0  0.429507E-01  0.189433E-02    492
  13900.0  0.422523E-01  0.187955E-02    484
  13950.0  0.422523E-01  0.187955E-02    484
  14000.0  0.423396E-01  0.188140E-02    485
  14050.0  0.419031E-01  0.187211E-02    480
  14100.0  0.398952E-01  0.182862E-02    457
  14150.0  0.399825E-01  0.183053E-02    458
  14200.0  0.397206E-01  0.182478E-02    455
  14250.0  0.387604E-01  0.180348E-02    444
  14300.0  0.378001E-01  0.178189E-02    433
  14350.0  0.374509E-01  0.177396E-02    429
  14400.0  0.372763E-01  0.176999E-02    427
  14450.0  0.360541E-01  0.174183E-02    413
  14500.0  0.365779E-01  0.175396E-02    419
  14550.0  0.364906E-01  0.175195E-02    418
  14600.0  0.356176E-01  0.173165E-02    408
  14650.0  0.351811E-01  0.172139E-02    403
  14700.0  0.351811E-01  0.172139E-02    403
  14750.0  0.345701E-01  0.170692E-02    396
  14800.0  0.345701E-01  0.170692E-02    396
  14850.0  0.336098E-01  0.168388E-02    385
  14900.0  0.332606E-01  0.167541E-02    381
  14950.0  0.330860E-01  0.167116E-02    379
  15000.0  0.329114E-01  0.166690E-02    377
  15050.0  0.326495E-01  0.166048E-02    374
  15100.0  0.320384E-01  0.164538E-02    367
  15150.0  0.313400E-01  0.162794E-02    359
  15200.0  0.306416E-01  0.161028E-02    351
  15250.0  0.311654E-01  0.162354E-02    357
  15300.0  0.302052E-01  0.159913E-02    346
  15350.0  0.297687E-01  0.158789E-02    341
  15400.0  0.288084E-01  0.156284E-02    330
  15450.0  0.286338E-01  0.155824E-02    328
  15500.0  0.282846E-01  0.154898E-02    324
  15550.0  0.284592E-01  0.155362E-02    326
  15600.0  0.282846E-01  0.154898E-02    324
  15650.0  0.281100E-01  0.154433E-02    322
  15700.0  0.286338E-01  0.155824E-02    328
  15750.0  0.281973E-01  0.154666E-02    323
  15800.0  0.280227E-01  0.154200E-02    321
  15850.0  0.276735E-01  0.153264E-02    317
  15900.0  0.278481E-01  0.153733E-02    319
  15950.0  0.280227E-01  0.154200E-02    321
  16000.0  0.274989E-01  0.152794E-02    315
  16050.0  0.281973E-01  0.154666E-02    323
  16100.0  0.281973E-01  0.154666E-02    323
  16150.0  0.275862E-01  0.153029E-02    316
  16200.0  0.274116E-01  0.152558E-02    314
  16250.0  0.271497E-01  0.151848E-02    311
  16300.0  0.269751E-01  0.151372E-02    309
  16350.0  0.266259E-01  0.150416E-02    305
  16400.0  0.270624E-01  0.151610E-02    310
  16450.0  0.262767E-01  0.149453E-02    301
  16500.0  0.257529E-01  0.147996E-02    295
  16550.0  0.252292E-01  0.146523E-02    289
  16600.0  0.247054E-01  0.145033E-02    283
  16650.0  0.245308E-01  0.144532E-02    281
  16700.0  0.240070E-01  0.143019E-02    275
  16750.0  0.240943E-01  0.143273E-02    276
  16800.0  0.235705E-01  0.141745E-02    270
  16850.0  0.228721E-01  0.139679E-02    262
  16900.0  0.231340E-01  0.140458E-02    265
  16950.0  0.226102E-01  0.138896E-02    259
  17000.0  0.228721E-01  0.139679E-02    262
  17050.0  0.226102E-01  0.138896E-02    259
  17100.0  0.224356E-01  0.138371E-02    257
  17150.0  0.223483E-01  0.138107E-02    256
  17200.0  0.219991E-01  0.137049E-02    252
  17250.0  0.222610E-01  0.137844E-02    255
  17300.0  0.221737E-01  0.137579E-02    254
  17350.0  0.218245E-01  0.136516E-02    250
  17400.0  0.213007E-01  0.134904E-02    244
  17450.0  0.208643E-01  0.133544E-02    239
  17500.0  0.206024E-01  0.132721E-02    236
  17550.0  0.208643E-01  0.133544E-02    239
  17600.0  0.201659E-01  0.131337E-02    231
  17650.0  0.198167E-01  0.130218E-02    227
  17700.0  0.195548E-01  0.129372E-02    224
  17750.0  0.194675E-01  0.129089E-02    223
  17800.0  0.192056E-01  0.128235E-02    220
  17850.0  0.190310E-01  0.127662E-02    218
  17900.0  0.188564E-01  0.127086E-02    216
  17950.0  0.186818E-01  0.126508E-02    214
  18000.0  0.185945E-01  0.126217E-02    213
  18050.0  0.184199E-01  0.125635E-02    211
  18100.0  0.185945E-01  0.126217E-02    213
  18150.0  0.185945E-01  0.126217E-02    213
  18200.0  0.181580E-01  0.124755E-02    208
  18250.0  0.178961E-01  0.123868E-02    205
  18300.0  0.178088E-01  0.123571E-02    204
  18350.0  0.173723E-01  0.122075E-02    199
  18400.0  0.174596E-01  0.122376E-02    200
  18450.0  0.176342E-01  0.122975E-02    202
  18500.0  0.177215E-01  0.123274E-02    203
  18550.0  0.175469E-01  0.122676E-02    201
  18600.0  0.177215E-01  0.123274E-02    203
  18650.0  0.174596E-01  0.122376E-02    200
  18700.0  0.172850E-01  0.121773E-02    198
  18750.0  0.175469E-01  0.122676E-02    201
  18800.0  0.172850E-01  0.121773E-02    198
  18850.0  0.171104E-01  0.121167E-02    196
  18900.0  0.169358E-01  0.120558E-02    194
  18950.0  0.167612E-01  0.119946E-02    192
  19000.0  0.166739E-01  0.119638E-02    191
  19050.0  0.164120E-01  0.118711E-02    188
  19100.0  0.162375E-01  0.118088E-02    186
  19150.0  0.159756E-01  0.117148E-02    183
  19200.0  0.159756E-01  0.117148E-02    183
  19250.0  0.157137E-01  0.116199E-02    180
  19300.0  0.155391E-01  0.115562E-02    178
  19350.0  0.149280E-01  0.113302E-02    171
  19400.0  0.147534E-01  0.112647E-02    169
  19450.0  0.148407E-01  0.112975E-02    170
  19500.0  0.150153E-01  0.113628E-02    172
  19550.0  0.146661E-01  0.112318E-02    168
  19600.0  0.147534E-01  0.112647E-02    169
  19650.0  0.142296E-01  0.110659E-02    163
  19700.0  0.139677E-01  0.109650E-02    160
  19750.0  0.134439E-01  0.107603E-02    154
  19800.0  0.134439E-01  0.107603E-02    154
  19850.0  0.130947E-01  0.106216E-02    150
  19900.0  0.135312E-01  0.107947E-02    155
  19950.0  0.135312E-01  0.107947E-02    155
  20000.0  0.130947E-01  0.106216E-02    150
