      0.0  0.174596E-03  0.123447E-03      2
     50.0  0.365779E-01  0.175396E-02    419
    100.0  0.400698E-01  0.183245E-02    459
    150.0  0.544740E-01  0.212048E-02    624
    200.0  0.619817E-01  0.225289E-02    710
    250.0  0.704496E-01  0.239099E-02    807
    300.0  0.871235E-01  0.263497E-02    998
    350.0  0.966390E-01  0.276064E-02   1107
    400.0  0.108162E+00  0.290191E-02   1239
    450.0  0.116194E+00  0.299414E-02   1331
    500.0  0.125011E+00  0.309014E-02   1432
    550.0  0.137756E+00  0.322013E-02   1578
    600.0  0.147970E+00  0.331755E-02   1695
    650.0  0.154692E+00  0.337866E-02   1772
    700.0  0.164382E+00  0.346285E-02   1883
    750.0  0.171279E+00  0.352013E-02   1962
    800.0  0.180096E+00  0.359034E-02   2063
    850.0  0.189175E+00  0.365930E-02   2167
    900.0  0.196770E+00  0.371451E-02   2254
    950.0  0.203405E+00  0.376099E-02   2330
   1000.0  0.211000E+00  0.381225E-02   2417
   1050.0  0.218507E+00  0.386098E-02   2503
   1100.0  0.223745E+00  0.389387E-02   2563
   1150.0  0.232300E+00  0.394569E-02   2661
   1200.0  0.238586E+00  0.398231E-02   2733
   1250.0  0.244086E+00  0.401338E-02   2796
   1300.0  0.250196E+00  0.404685E-02   2866
   1350.0  0.255958E+00  0.407742E-02   2932
   1400.0  0.257180E+00  0.408379E-02   2946
   1450.0  0.262593E+00  0.411147E-02   3008
   1500.0  0.268878E+00  0.414262E-02   3080
   1550.0  0.274727E+00  0.417065E-02   3147
   1600.0  0.279616E+00  0.419339E-02   3203
   1650.0  0.279878E+00  0.419459E-02   3206
   1700.0  0.284155E+00  0.421395E-02   3255
   1750.0  0.288957E+00  0.423513E-02   3310
   1800.0  0.294020E+00  0.425684E-02   3368
   1850.0  0.301091E+00  0.428609E-02   3449
   1900.0  0.305456E+00  0.430355E-02   3499
   1950.0  0.310956E+00  0.432489E-02   3562
   2000.0  0.313837E+00  0.433579E-02   3595
   2050.0  0.314535E+00  0.433840E-02   3603
   2100.0  0.320646E+00  0.436077E-02   3673
   2150.0  0.324225E+00  0.437348E-02   3714
   2200.0  0.327455E+00  0.438469E-02   3751
   2250.0  0.329376E+00  0.439125E-02   3773
   2300.0  0.335137E+00  0.441042E-02   3839
   2350.0  0.338891E+00  0.442251E-02   3882
   2400.0  0.340113E+00  0.442638E-02   3896
   2450.0  0.343867E+00  0.443807E-02   3939
   2500.0  0.347185E+00  0.444813E-02   3977
   2550.0  0.350677E+00  0.445848E-02   4017
   2600.0  0.354780E+00  0.447029E-02   4064
   2650.0  0.356002E+00  0.447374E-02   4078
   2700.0  0.359057E+00  0.448223E-02   4113
   2750.0  0.357835E+00  0.447886E-02   4099
   2800.0  0.360454E+00  0.448604E-02   4129
   2850.0  0.364208E+00  0.449609E-02   4172
   2900.0  0.367263E+00  0.450404E-02   4207
   2950.0  0.369271E+00  0.450917E-02   4230
   3000.0  0.370319E+00  0.451181E-02   4242
   3050.0  0.371803E+00  0.451551E-02   4259
   3100.0  0.371803E+00  0.451551E-02   4259
   3150.0  0.374422E+00  0.452193E-02   4289
   3200.0  0.376168E+00  0.452613E-02   4309
   3250.0  0.378088E+00  0.453068E-02   4331
   3300.0  0.379223E+00  0.453333E-02   4344
   3350.0  0.380096E+00  0.453536E-02   4354
   3400.0  0.381929E+00  0.453955E-02   4375
   3450.0  0.381231E+00  0.453796E-02   4367
   3500.0  0.382191E+00  0.454015E-02   4378
   3550.0  0.382890E+00  0.454172E-02   4386
   3600.0  0.383675E+00  0.454349E-02   4395
   3650.0  0.382540E+00  0.454094E-02   4382
   3700.0  0.384286E+00  0.454485E-02   4402
   3750.0  0.386556E+00  0.454984E-02   4428
   3800.0  0.389786E+00  0.455677E-02   4465
   3850.0  0.391008E+00  0.455933E-02   4479
   3900.0  0.389873E+00  0.455695E-02   4466
   3950.0  0.390135E+00  0.455750E-02   4469
   4000.0  0.392405E+00  0.456223E-02   4495
   4050.0  0.393103E+00  0.456366E-02   4503
   4100.0  0.392318E+00  0.456205E-02   4494
   4150.0  0.392754E+00  0.456294E-02   4499
   4200.0  0.392667E+00  0.456276E-02   4498
   4250.0  0.394064E+00  0.456561E-02   4514
   4300.0  0.392580E+00  0.456259E-02   4497
   4350.0  0.394675E+00  0.456685E-02   4521
   4400.0  0.398516E+00  0.457443E-02   4565
   4450.0  0.399214E+00  0.457578E-02   4573
   4500.0  0.396770E+00  0.457102E-02   4545
   4550.0  0.397119E+00  0.457171E-02   4549
   4600.0  0.398167E+00  0.457376E-02   4561
   4650.0  0.396857E+00  0.457119E-02   4546
   4700.0  0.393802E+00  0.456508E-02   4511
   4750.0  0.393365E+00  0.456419E-02   4506
   4800.0  0.394326E+00  0.456614E-02   4517
   4850.0  0.393278E+00  0.456402E-02   4505
   4900.0  0.392580E+00  0.456259E-02   4497
   4950.0  0.395199E+00  0.456790E-02   4527
   5000.0  0.394937E+00  0.456737E-02   4524
   5050.0  0.392929E+00  0.456330E-02   4501
   5100.0  0.391707E+00  0.456078E-02   4487
   5150.0  0.391008E+00  0.455933E-02   4479
   5200.0  0.390223E+00  0.455769E-02   4470
   5250.0  0.389350E+00  0.455584E-02   4460
   5300.0  0.388477E+00  0.455398E-02   4450
   5350.0  0.387691E+00  0.455230E-02   4441
   5400.0  0.386731E+00  0.455022E-02   4430
   5450.0  0.386469E+00  0.454965E-02   4427
   5500.0  0.386294E+00  0.454927E-02   4425
   5550.0  0.386381E+00  0.454946E-02   4426
   5600.0  0.385509E+00  0.454755E-02   4416
   5650.0  0.385247E+00  0.454697E-02   4413
   5700.0  0.382191E+00  0.454015E-02   4378
   5750.0  0.383326E+00  0.454270E-02   4391
   5800.0  0.384461E+00  0.454524E-02   4404
   5850.0  0.384897E+00  0.454620E-02   4409
   5900.0  0.383937E+00  0.454407E-02   4398
   5950.0  0.382715E+00  0.454133E-02   4384
   6000.0  0.384461E+00  0.454524E-02   4404
   6050.0  0.381318E+00  0.453816E-02   4368
   6100.0  0.382366E+00  0.454054E-02   4380
   6150.0  0.381580E+00  0.453876E-02   4371
   6200.0  0.381318E+00  0.453816E-02   4368
   6250.0  0.378874E+00  0.453252E-02   4340
   6300.0  0.377652E+00  0.452965E-02   4326
   6350.0  0.376691E+00  0.452738E-02   4315
   6400.0  0.374509E+00  0.452214E-02   4290
   6450.0  0.375295E+00  0.452404E-02   4299
   6500.0  0.373723E+00  0.452023E-02   4281
   6550.0  0.373898E+00  0.452066E-02   4283
   6600.0  0.371715E+00  0.451529E-02   4258
   6650.0  0.370668E+00  0.451268E-02   4246
   6700.0  0.371104E+00  0.451377E-02   4251
   6750.0  0.370930E+00  0.451334E-02   4249
   6800.0  0.369446E+00  0.450961E-02   4232
   6850.0  0.369009E+00  0.450850E-02   4227
   6900.0  0.367089E+00  0.450360E-02   4205
   6950.0  0.365605E+00  0.449975E-02   4188
   7000.0  0.363859E+00  0.449516E-02   4168
   7050.0  0.361589E+00  0.448911E-02   4142
   7100.0  0.361327E+00  0.448840E-02   4139
   7150.0  0.358446E+00  0.448055E-02   4106
   7200.0  0.356002E+00  0.447374E-02   4078
   7250.0  0.354430E+00  0.446930E-02   4060
   7300.0  0.352335E+00  0.446330E-02   4036
   7350.0  0.351811E+00  0.446178E-02   4030
   7400.0  0.349629E+00  0.445540E-02   4005
   7450.0  0.347534E+00  0.444918E-02   3981
   7500.0  0.346312E+00  0.444551E-02   3967
   7550.0  0.345439E+00  0.444286E-02   3957
   7600.0  0.341685E+00  0.443131E-02   3914
   7650.0  0.342296E+00  0.443321E-02   3921
   7700.0  0.341074E+00  0.442940E-02   3907
   7750.0  0.340899E+00  0.442885E-02   3905
   7800.0  0.339590E+00  0.442473E-02   3890
   7850.0  0.336971E+00  0.441636E-02   3860
   7900.0  0.335661E+00  0.441213E-02   3845
   7950.0  0.334963E+00  0.440985E-02   3837
   8000.0  0.333392E+00  0.440469E-02   3819
   8050.0  0.332693E+00  0.440238E-02   3811
   8100.0  0.330074E+00  0.439361E-02   3781
   8150.0  0.330074E+00  0.439361E-02   3781
   8200.0  0.329376E+00  0.439125E-02   3773
   8250.0  0.327979E+00  0.438649E-02   3757
   8300.0  0.325360E+00  0.437744E-02   3727
   8350.0  0.322916E+00  0.436886E-02   3699
   8400.0  0.320297E+00  0.435952E-02   3669
   8450.0  0.319337E+00  0.435605E-02   3658
   8500.0  0.318551E+00  0.435320E-02   3649
   8550.0  0.318638E+00  0.435352E-02   3650
   8600.0  0.316107E+00  0.434424E-02   3621
   8650.0  0.314535E+00  0.433840E-02   3603
   8700.0  0.312876E+00  0.433218E-02   3584
   8750.0  0.311567E+00  0.432722E-02   3569
   8800.0  0.308948E+00  0.431718E-02   3539
   8850.0  0.308948E+00  0.431718E-02   3539
   8900.0  0.307726E+00  0.431244E-02   3525
   8950.0  0.306329E+00  0.430698E-02   3509
   9000.0  0.304321E+00  0.429905E-02   3486
   9050.0  0.304583E+00  0.430009E-02   3489
   9100.0  0.302052E+00  0.428997E-02   3460
   9150.0  0.300567E+00  0.428397E-02   3443
   9200.0  0.298298E+00  0.427468E-02   3417
   9250.0  0.296988E+00  0.426927E-02   3402
   9300.0  0.295155E+00  0.426162E-02   3381
   9350.0  0.293933E+00  0.425647E-02   3367
   9400.0  0.291925E+00  0.424793E-02   3344
   9450.0  0.289481E+00  0.423741E-02   3316
   9500.0  0.288084E+00  0.423132E-02   3300
   9550.0  0.286163E+00  0.422288E-02   3278
   9600.0  0.284155E+00  0.421395E-02   3255
   9650.0  0.282759E+00  0.420768E-02   3239
   9700.0  0.282322E+00  0.420571E-02   3234
   9750.0  0.282322E+00  0.420571E-02   3234
   9800.0  0.280838E+00  0.419898E-02   3217
   9850.0  0.281275E+00  0.420097E-02   3222
   9900.0  0.279790E+00  0.419419E-02   3205
   9950.0  0.279267E+00  0.419179E-02   3199
  10000.0  0.277433E+00  0.418332E-02   3178
  10050.0  0.276997E+00  0.418129E-02   3173
  10100.0  0.274553E+00  0.416983E-02   3145
  10150.0  0.273942E+00  0.416694E-02   3138
  10200.0  0.273069E+00  0.416279E-02   3128
  10250.0  0.271235E+00  0.415403E-02   3107
  10300.0  0.269664E+00  0.414644E-02   3089
  10350.0  0.268005E+00  0.413836E-02   3070
  10400.0  0.266347E+00  0.413020E-02   3051
  10450.0  0.264688E+00  0.412198E-02   3032
  10500.0  0.263728E+00  0.411718E-02   3021
  10550.0  0.262156E+00  0.410927E-02   3003
  10600.0  0.259712E+00  0.409684E-02   2975
  10650.0  0.258228E+00  0.408921E-02   2958
  10700.0  0.255958E+00  0.407742E-02   2932
  10750.0  0.254736E+00  0.407101E-02   2918
  10800.0  0.253252E+00  0.406318E-02   2901
  10850.0  0.253077E+00  0.406225E-02   2899
  10900.0  0.251244E+00  0.405248E-02   2878
  10950.0  0.250022E+00  0.404591E-02   2864
  11000.0  0.249673E+00  0.404402E-02   2860
  11050.0  0.249062E+00  0.404071E-02   2853
  11100.0  0.248014E+00  0.403502E-02   2841
  11150.0  0.247403E+00  0.403168E-02   2834
  11200.0  0.246792E+00  0.402833E-02   2827
  11250.0  0.245395E+00  0.402064E-02   2811
  11300.0  0.243562E+00  0.401046E-02   2790
  11350.0  0.242951E+00  0.400704E-02   2783
  11400.0  0.240943E+00  0.399574E-02   2760
  11450.0  0.238935E+00  0.398431E-02   2737
  11500.0  0.238062E+00  0.397931E-02   2727
  11550.0  0.236316E+00  0.396923E-02   2707
  11600.0  0.235356E+00  0.396364E-02   2696
  11650.0  0.233697E+00  0.395393E-02   2677
  11700.0  0.234308E+00  0.395752E-02   2684
  11750.0  0.232126E+00  0.394466E-02   2659
  11800.0  0.230991E+00  0.393791E-02   2646
  11850.0  0.230467E+00  0.393478E-02   2640
  11900.0  0.230205E+00  0.393321E-02   2637
  11950.0  0.229245E+00  0.392745E-02   2626
  12000.0  0.227761E+00  0.391848E-02   2609
  12050.0  0.225229E+00  0.390303E-02   2580
  12100.0  0.224094E+00  0.389603E-02   2567
  12150.0  0.224094E+00  0.389603E-02   2567
  12200.0  0.223309E+00  0.389116E-02   2558
  12250.0  0.223396E+00  0.389170E-02   2559
  12300.0  0.221126E+00  0.387754E-02   2533
  12350.0  0.220428E+00  0.387315E-02   2525
  12400.0  0.220253E+00  0.387204E-02   2523
  12450.0  0.218856E+00  0.386320E-02   2507
  12500.0  0.218245E+00  0.385931E-02   2500
  12550.0  0.216063E+00  0.384533E-02   2475
  12600.0  0.215801E+00  0.384364E-02   2472
  12650.0  0.214317E+00  0.383402E-02   2455
  12700.0  0.212571E+00  0.382261E-02   2435
  12750.0  0.211785E+00  0.381744E-02   2426
  12800.0  0.210563E+00  0.380936E-02   2412
  12850.0  0.208817E+00  0.379773E-02   2392
  12900.0  0.207595E+00  0.378952E-02   2378
  12950.0  0.206460E+00  0.378186E-02   2365
  13000.0  0.206373E+00  0.378126E-02   2364
  13050.0  0.205063E+00  0.377236E-02   2349
  13100.0  0.202357E+00  0.375375E-02   2318
  13150.0  0.200698E+00  0.374222E-02   2299
  13200.0  0.200000E+00  0.373734E-02   2291
  13250.0  0.199913E+00  0.373673E-02   2290
  13300.0  0.198341E+00  0.372567E-02   2272
  13350.0  0.196421E+00  0.371202E-02   2250
  13400.0  0.194588E+00  0.369887E-02   2229
  13450.0  0.194326E+00  0.369698E-02   2226
  13500.0  0.192842E+00  0.368623E-02   2209
  13550.0  0.192056E+00  0.368050E-02   2200
  13600.0  0.191008E+00  0.367283E-02   2188
  13650.0  0.190223E+00  0.366705E-02   2179
  13700.0  0.189437E+00  0.366124E-02   2170
  13750.0  0.188040E+00  0.365086E-02   2154
  13800.0  0.187953E+00  0.365021E-02   2153
  13850.0  0.187254E+00  0.364499E-02   2145
  13900.0  0.186731E+00  0.364106E-02   2139
  13950.0  0.185334E+00  0.363053E-02   2123
  14000.0  0.184199E+00  0.362191E-02   2110
  14050.0  0.182977E+00  0.361258E-02   2096
  14100.0  0.182977E+00  0.361258E-02   2096
  14150.0  0.181493E+00  0.360117E-02   2079
  14200.0  0.180358E+00  0.359238E-02   2066
  14250.0  0.179572E+00  0.358626E-02   2057
  14300.0  0.179310E+00  0.358422E-02   2054
  14350.0  0.178263E+00  0.357601E-02   2042
  14400.0  0.177128E+00  0.356707E-02   2029
  14450.0  0.176779E+00  0.356431E-02   2025
  14500.0  0.174858E+00  0.354903E-02   2003
  14550.0  0.173374E+00  0.353711E-02   1986
  14600.0  0.172588E+00  0.353077E-02   1977
  14650.0  0.171803E+00  0.352439E-02   1968
  14700.0  0.170493E+00  0.351371E-02   1953
  14750.0  0.170144E+00  0.351085E-02   1949
  14800.0  0.169009E+00  0.350151E-02   1936
  14850.0  0.168922E+00  0.350079E-02   1935
  14900.0  0.167612E+00  0.348994E-02   1920
  14950.0  0.166390E+00  0.347975E-02   1906
  15000.0  0.165081E+00  0.346875E-02   1891
