      0.0  0.000000E+00  0.000000E+00      0
     50.0  0.000000E+00  0.000000E+00      0
    100.0  0.174596E-03  0.123447E-03      2
    150.0  0.349192E-03  0.174566E-03      4
    200.0  0.698385E-03  0.246830E-03      8
    250.0  0.130947E-02  0.337883E-03     15
    300.0  0.296814E-02  0.508275E-03     34
    350.0  0.375382E-02  0.571377E-03     43
    400.0  0.497599E-02  0.657445E-03     57
    450.0  0.628546E-02  0.738417E-03     72
    500.0  0.785683E-02  0.824923E-03     90
    550.0  0.969009E-02  0.915276E-03    111
    600.0  0.116979E-01  0.100462E-02    134
    650.0  0.136185E-01  0.108290E-02    156
    700.0  0.155391E-01  0.115562E-02    178
    750.0  0.176342E-01  0.122975E-02    202
    800.0  0.203405E-01  0.131893E-02    233
    850.0  0.230467E-01  0.140199E-02    264
    900.0  0.255784E-01  0.147507E-02    293
    950.0  0.284592E-01  0.155362E-02    326
   1000.0  0.314273E-01  0.163013E-02    360
   1050.0  0.347447E-01  0.171107E-02    398
   1100.0  0.373636E-01  0.177198E-02    428
   1150.0  0.402444E-01  0.183627E-02    461
   1200.0  0.435618E-01  0.190714E-02    499
   1250.0  0.468791E-01  0.197500E-02    537
   1300.0  0.508075E-01  0.205184E-02    582
   1350.0  0.536883E-01  0.210601E-02    615
   1400.0  0.575295E-01  0.217561E-02    659
   1450.0  0.601484E-01  0.222149E-02    689
   1500.0  0.631165E-01  0.227204E-02    723
   1550.0  0.659974E-01  0.231974E-02    756
   1600.0  0.687909E-01  0.236478E-02    788
   1650.0  0.735050E-01  0.243827E-02    842
   1700.0  0.776080E-01  0.249985E-02    889
   1750.0  0.814491E-01  0.255563E-02    933
   1800.0  0.851157E-01  0.260730E-02    975
   1850.0  0.885203E-01  0.265398E-02   1014
   1900.0  0.917503E-01  0.269717E-02   1051
   1950.0  0.955914E-01  0.274723E-02   1095
   2000.0  0.992580E-01  0.279374E-02   1137
   2050.0  0.102663E+00  0.283587E-02   1176
   2100.0  0.106416E+00  0.288121E-02   1219
   2150.0  0.110083E+00  0.292440E-02   1261
   2200.0  0.113226E+00  0.296061E-02   1297
   2250.0  0.117241E+00  0.300583E-02   1343
   2300.0  0.120210E+00  0.303852E-02   1377
   2350.0  0.123963E+00  0.307900E-02   1420
   2400.0  0.127630E+00  0.311766E-02   1462
   2450.0  0.131471E+00  0.315725E-02   1506
   2500.0  0.134614E+00  0.318898E-02   1542
   2550.0  0.138629E+00  0.322868E-02   1588
   2600.0  0.141859E+00  0.325995E-02   1625
   2650.0  0.145875E+00  0.329802E-02   1671
   2700.0  0.149891E+00  0.333524E-02   1717
   2750.0  0.153819E+00  0.337085E-02   1762
   2800.0  0.157224E+00  0.340109E-02   1801
   2850.0  0.161065E+00  0.343453E-02   1845
   2900.0  0.164906E+00  0.346728E-02   1889
   2950.0  0.169358E+00  0.350439E-02   1940
   3000.0  0.173112E+00  0.353500E-02   1983
   3050.0  0.177041E+00  0.356638E-02   2028
   3100.0  0.181405E+00  0.360049E-02   2078
   3150.0  0.185509E+00  0.363185E-02   2125
   3200.0  0.189699E+00  0.366318E-02   2173
   3250.0  0.193278E+00  0.368940E-02   2214
   3300.0  0.197643E+00  0.372072E-02   2264
   3350.0  0.201571E+00  0.374831E-02   2309
   3400.0  0.204889E+00  0.377116E-02   2347
   3450.0  0.208643E+00  0.379656E-02   2390
   3500.0  0.213619E+00  0.382947E-02   2447
   3550.0  0.218333E+00  0.385987E-02   2501
   3600.0  0.222610E+00  0.388682E-02   2550
   3650.0  0.227062E+00  0.391424E-02   2601
   3700.0  0.230205E+00  0.393321E-02   2637
   3750.0  0.233697E+00  0.395393E-02   2677
   3800.0  0.237276E+00  0.397478E-02   2718
   3850.0  0.240856E+00  0.399524E-02   2759
   3900.0  0.244871E+00  0.401774E-02   2805
   3950.0  0.248887E+00  0.403977E-02   2851
   4000.0  0.252292E+00  0.405807E-02   2890
   4050.0  0.256045E+00  0.407788E-02   2933
   4100.0  0.260585E+00  0.410130E-02   2985
   4150.0  0.264164E+00  0.411936E-02   3026
   4200.0  0.268442E+00  0.414049E-02   3075
   4250.0  0.271323E+00  0.415445E-02   3108
   4300.0  0.274029E+00  0.416735E-02   3139
   4350.0  0.277957E+00  0.418575E-02   3184
   4400.0  0.280489E+00  0.419739E-02   3213
   4450.0  0.283719E+00  0.421200E-02   3250
   4500.0  0.287211E+00  0.422750E-02   3290
   4550.0  0.291488E+00  0.424606E-02   3339
   4600.0  0.294631E+00  0.425941E-02   3375
   4650.0  0.297774E+00  0.427252E-02   3411
   4700.0  0.302313E+00  0.429103E-02   3463
   4750.0  0.307377E+00  0.431108E-02   3521
   4800.0  0.311043E+00  0.432523E-02   3563
   4850.0  0.315059E+00  0.434035E-02   3609
   4900.0  0.318987E+00  0.435479E-02   3654
   4950.0  0.322654E+00  0.436794E-02   3696
   5000.0  0.326495E+00  0.438138E-02   3740
   5050.0  0.331209E+00  0.439743E-02   3794
   5100.0  0.335050E+00  0.441013E-02   3838
   5150.0  0.338891E+00  0.442251E-02   3882
   5200.0  0.341598E+00  0.443104E-02   3913
   5250.0  0.344653E+00  0.444047E-02   3948
   5300.0  0.347796E+00  0.444996E-02   3984
   5350.0  0.352423E+00  0.446355E-02   4037
   5400.0  0.356002E+00  0.447374E-02   4078
   5450.0  0.359668E+00  0.448390E-02   4120
   5500.0  0.362986E+00  0.449285E-02   4158
   5550.0  0.366652E+00  0.450247E-02   4200
   5600.0  0.369882E+00  0.451071E-02   4237
   5650.0  0.373723E+00  0.452023E-02   4281
   5700.0  0.377739E+00  0.452986E-02   4327
   5750.0  0.380620E+00  0.453656E-02   4360
   5800.0  0.384112E+00  0.454446E-02   4400
   5850.0  0.387778E+00  0.455249E-02   4442
   5900.0  0.391270E+00  0.455988E-02   4482
   5950.0  0.395460E+00  0.456842E-02   4530
   6000.0  0.398079E+00  0.457359E-02   4560
   6050.0  0.401484E+00  0.458009E-02   4599
   6100.0  0.403055E+00  0.458302E-02   4617
   6150.0  0.406460E+00  0.458919E-02   4656
   6200.0  0.409865E+00  0.459514E-02   4695
   6250.0  0.413357E+00  0.460100E-02   4735
   6300.0  0.416849E+00  0.460662E-02   4775
   6350.0  0.419555E+00  0.461081E-02   4806
   6400.0  0.422261E+00  0.461486E-02   4837
   6450.0  0.424182E+00  0.461765E-02   4859
   6500.0  0.427848E+00  0.462278E-02   4901
   6550.0  0.430816E+00  0.462674E-02   4935
   6600.0  0.433872E+00  0.463063E-02   4970
   6650.0  0.437189E+00  0.463467E-02   5008
   6700.0  0.440157E+00  0.463809E-02   5042
   6750.0  0.442776E+00  0.464098E-02   5072
   6800.0  0.445744E+00  0.464409E-02   5106
   6850.0  0.449323E+00  0.464762E-02   5147
   6900.0  0.452990E+00  0.465098E-02   5189
   6950.0  0.455172E+00  0.465286E-02   5214
   7000.0  0.459799E+00  0.465655E-02   5267
   7050.0  0.463029E+00  0.465888E-02   5304
   7100.0  0.466521E+00  0.466119E-02   5344
   7150.0  0.470100E+00  0.466331E-02   5385
   7200.0  0.473505E+00  0.466511E-02   5424
   7250.0  0.476648E+00  0.466658E-02   5460
   7300.0  0.479790E+00  0.466786E-02   5496
   7350.0  0.483282E+00  0.466906E-02   5536
   7400.0  0.486251E+00  0.466991E-02   5570
   7450.0  0.489481E+00  0.467064E-02   5607
   7500.0  0.492623E+00  0.467116E-02   5643
   7550.0  0.495504E+00  0.467148E-02   5676
   7600.0  0.498734E+00  0.467166E-02   5713
   7650.0  0.500917E+00  0.467167E-02   5738
   7700.0  0.503710E+00  0.467154E-02   5770
   7750.0  0.506242E+00  0.467131E-02   5799
   7800.0  0.509559E+00  0.467082E-02   5837
   7850.0  0.512440E+00  0.467023E-02   5870
   7900.0  0.514797E+00  0.466963E-02   5897
   7950.0  0.517416E+00  0.466884E-02   5927
   8000.0  0.520122E+00  0.466789E-02   5958
   8050.0  0.522654E+00  0.466688E-02   5987
   8100.0  0.525273E+00  0.466570E-02   6017
   8150.0  0.527717E+00  0.466449E-02   6045
   8200.0  0.530336E+00  0.466307E-02   6075
   8250.0  0.533304E+00  0.466130E-02   6109
   8300.0  0.536272E+00  0.465936E-02   6143
   8350.0  0.538979E+00  0.465746E-02   6174
   8400.0  0.542383E+00  0.465486E-02   6213
   8450.0  0.545526E+00  0.465227E-02   6249
   8500.0  0.548669E+00  0.464949E-02   6285
   8550.0  0.551637E+00  0.464669E-02   6319
   8600.0  0.554430E+00  0.464391E-02   6351
   8650.0  0.556962E+00  0.464126E-02   6380
   8700.0  0.559668E+00  0.463829E-02   6411
   8750.0  0.562724E+00  0.463477E-02   6446
   8800.0  0.565168E+00  0.463182E-02   6474
   8850.0  0.568049E+00  0.462821E-02   6507
   8900.0  0.569969E+00  0.462570E-02   6529
   8950.0  0.572588E+00  0.462218E-02   6559
   9000.0  0.575469E+00  0.461815E-02   6592
   9050.0  0.578350E+00  0.461396E-02   6625
   9100.0  0.581056E+00  0.460988E-02   6656
   9150.0  0.583239E+00  0.460648E-02   6681
   9200.0  0.586731E+00  0.460085E-02   6721
   9250.0  0.589088E+00  0.459692E-02   6748
   9300.0  0.592143E+00  0.459166E-02   6783
   9350.0  0.595199E+00  0.458621E-02   6818
   9400.0  0.598516E+00  0.458009E-02   6856
   9450.0  0.602182E+00  0.457308E-02   6898
   9500.0  0.604365E+00  0.456877E-02   6923
   9550.0  0.607333E+00  0.456276E-02   6957
   9600.0  0.609952E+00  0.455732E-02   6987
   9650.0  0.612396E+00  0.455211E-02   7015
   9700.0  0.613619E+00  0.454946E-02   7029
   9750.0  0.615801E+00  0.454465E-02   7054
   9800.0  0.617460E+00  0.454094E-02   7073
   9850.0  0.619380E+00  0.453656E-02   7095
   9900.0  0.621650E+00  0.453129E-02   7121
   9950.0  0.624007E+00  0.452571E-02   7148
  10000.0  0.626713E+00  0.451916E-02   7179
  10050.0  0.628983E+00  0.451356E-02   7205
  10100.0  0.631689E+00  0.450673E-02   7236
  10150.0  0.633784E+00  0.450134E-02   7260
  10200.0  0.636403E+00  0.449447E-02   7290
  10250.0  0.638760E+00  0.448817E-02   7317
  10300.0  0.640768E+00  0.448271E-02   7340
  10350.0  0.643213E+00  0.447594E-02   7368
  10400.0  0.645919E+00  0.446831E-02   7399
  10450.0  0.648538E+00  0.446077E-02   7429
  10500.0  0.650720E+00  0.445437E-02   7454
  10550.0  0.652728E+00  0.444840E-02   7477
  10600.0  0.655172E+00  0.444100E-02   7505
  10650.0  0.657791E+00  0.443294E-02   7535
  10700.0  0.659974E+00  0.442611E-02   7560
  10750.0  0.662069E+00  0.441945E-02   7584
  10800.0  0.663728E+00  0.441411E-02   7603
  10850.0  0.665735E+00  0.440756E-02   7626
  10900.0  0.667831E+00  0.440064E-02   7650
  10950.0  0.670275E+00  0.439243E-02   7678
  11000.0  0.671934E+00  0.438679E-02   7697
  11050.0  0.673767E+00  0.438048E-02   7718
  11100.0  0.674989E+00  0.437623E-02   7732
  11150.0  0.676735E+00  0.437010E-02   7752
  11200.0  0.678219E+00  0.436483E-02   7769
  11250.0  0.679878E+00  0.435889E-02   7788
  11300.0  0.682409E+00  0.434969E-02   7817
  11350.0  0.684592E+00  0.434165E-02   7842
  11400.0  0.686949E+00  0.433284E-02   7869
  11450.0  0.689131E+00  0.432456E-02   7894
  11500.0  0.690703E+00  0.431853E-02   7912
  11550.0  0.692973E+00  0.430972E-02   7938
  11600.0  0.694718E+00  0.430286E-02   7958
  11650.0  0.696552E+00  0.429558E-02   7979
  11700.0  0.698385E+00  0.428821E-02   8000
  11750.0  0.699956E+00  0.428184E-02   8018
  11800.0  0.702313E+00  0.427216E-02   8045
  11850.0  0.703623E+00  0.426673E-02   8060
  11900.0  0.704496E+00  0.426308E-02   8070
  11950.0  0.706766E+00  0.425351E-02   8096
  12000.0  0.708512E+00  0.424606E-02   8116
  12050.0  0.710258E+00  0.423854E-02   8136
  12100.0  0.712615E+00  0.422826E-02   8163
  12150.0  0.714099E+00  0.422172E-02   8180
  12200.0  0.715932E+00  0.421356E-02   8201
  12250.0  0.717329E+00  0.420729E-02   8217
  12300.0  0.719511E+00  0.419739E-02   8242
  12350.0  0.721344E+00  0.418897E-02   8263
  12400.0  0.723090E+00  0.418088E-02   8283
  12450.0  0.724574E+00  0.417394E-02   8300
  12500.0  0.726233E+00  0.416611E-02   8319
  12550.0  0.728154E+00  0.415696E-02   8341
  12600.0  0.729900E+00  0.414855E-02   8361
  12650.0  0.731733E+00  0.413964E-02   8382
  12700.0  0.733392E+00  0.413150E-02   8401
  12750.0  0.735487E+00  0.412110E-02   8425
  12800.0  0.736796E+00  0.411455E-02   8440
  12850.0  0.738979E+00  0.410352E-02   8465
  12900.0  0.740812E+00  0.409415E-02   8486
  12950.0  0.743082E+00  0.408243E-02   8512
  13000.0  0.744216E+00  0.407651E-02   8525
  13050.0  0.745962E+00  0.406733E-02   8545
  13100.0  0.748145E+00  0.405575E-02   8570
  13150.0  0.749891E+00  0.404638E-02   8590
  13200.0  0.751899E+00  0.403549E-02   8613
  13250.0  0.752772E+00  0.403073E-02   8623
  13300.0  0.754430E+00  0.402160E-02   8642
  13350.0  0.756613E+00  0.400948E-02   8667
  13400.0  0.758533E+00  0.399870E-02   8689
  13450.0  0.759494E+00  0.399326E-02   8700
  13500.0  0.760978E+00  0.398481E-02   8717
  13550.0  0.761763E+00  0.398031E-02   8726
  13600.0  0.763422E+00  0.397074E-02   8745
  13650.0  0.764644E+00  0.396364E-02   8759
  13700.0  0.766128E+00  0.395496E-02   8776
  13750.0  0.767525E+00  0.394672E-02   8792
  13800.0  0.768485E+00  0.394103E-02   8803
  13850.0  0.769795E+00  0.393321E-02   8818
  13900.0  0.771017E+00  0.392587E-02   8832
  13950.0  0.772414E+00  0.391742E-02   8848
  14000.0  0.773461E+00  0.391105E-02   8860
  14050.0  0.775120E+00  0.390088E-02   8879
  14100.0  0.777128E+00  0.388845E-02   8902
  14150.0  0.778525E+00  0.387973E-02   8918
  14200.0  0.779921E+00  0.387094E-02   8934
  14250.0  0.781667E+00  0.385987E-02   8954
  14300.0  0.782890E+00  0.385206E-02   8968
  14350.0  0.784286E+00  0.384307E-02   8984
  14400.0  0.785596E+00  0.383459E-02   8999
  14450.0  0.787167E+00  0.382433E-02   9017
  14500.0  0.788564E+00  0.381514E-02   9033
  14550.0  0.790135E+00  0.380472E-02   9051
  14600.0  0.791794E+00  0.379363E-02   9070
  14650.0  0.793016E+00  0.378540E-02   9084
  14700.0  0.794326E+00  0.377652E-02   9099
  14750.0  0.795286E+00  0.376997E-02   9110
  14800.0  0.796421E+00  0.376219E-02   9123
  14850.0  0.797468E+00  0.375496E-02   9135
  14900.0  0.799127E+00  0.374344E-02   9154
  14950.0  0.800524E+00  0.373366E-02   9170
  15000.0  0.802008E+00  0.372319E-02   9187
